Filetype: IR signals file
Version: 1
# 
name: Ac_on
type: raw
frequency: 38000
duty_cycle: 0.330000
data: 9031 4498 580 1671 578 1669 580 530 581 531 580 533 578 530 581 1670 579 1669 580 1669 580 1669 580 1670 579 531 580 1669 580 532 579 531 580 1670 579 531 580 531 580 531 580 531 580 531 580 1670 579 1669 580 1669 580 530 581 531 580 530 581 530 581 532 579 531 580 530 581 530 581 531 580 530 581 530 581 530 581 531 580 1669 580 1668 581 530 581 531 580 531 580 531 580 529 582 530 581 530 581 530 581 531 580 530 581 530 581 531 580 530 581 531 580 1669 580 530 581 530 581 532 579 531 580 531 580 530 581 531 580 530 581 531 580 530 581 530 581 530 581 530 581 531 580 530 581 531 580 531 580 530 581 529 582 531 580 531 580 530 581 530 581 1669 580 532 579 531 580 530 581 529 582 530 581 531 580 530 581 531 580 530 581 530 581 1668 581 530 581 1669 580 530 581 530 581 531 580 530 581 531 580 1669 580 1671 578 1670 579 1669 580 1669 580 531 580 1670 579 1670 579
# 
name: Ac_off
type: raw
frequency: 38000
duty_cycle: 0.330000
data: 9029 4502 554 1695 555 1694 555 555 556 556 555 556 555 555 556 1696 553 1695 554 1695 554 1694 555 1694 556 556 555 1694 556 556 555 555 556 1693 557 557 554 556 555 556 555 556 555 554 557 1695 554 1694 556 1693 556 555 556 555 556 555 556 556 555 556 555 555 556 555 556 555 556 555 556 555 556 555 556 555 556 555 556 1694 555 1695 554 556 555 555 556 557 554 556 555 555 556 555 556 555 556 555 556 556 555 556 555 555 556 556 555 556 555 556 555 1695 554 555 556 556 555 557 554 556 555 556 555 556 555 556 555 556 555 557 554 557 554 556 555 556 555 556 555 556 555 556 555 557 554 558 553 556 581 531 580 532 579 530 581 531 580 530 581 530 581 530 581 531 580 529 582 529 582 530 581 531 580 530 581 530 581 529 582 530 581 1669 581 531 580 1668 582 530 581 530 581 531 580 530 581 530 581 1669 581 1669 581 1669 580 1669 581 1668 581 1669 581 530 581 1669 581
# 
name: Temp Up
type: raw
frequency: 38000
duty_cycle: 0.330000
data: 9030 4502 577 1669 581 1670 580 530 581 531 580 531 580 531 580 1668 581 1669 581 1668 581 1669 581 1668 582 1669 580 1669 580 531 580 530 581 1669 581 530 581 531 580 531 580 532 579 530 581 1669 580 1669 580 1670 579 530 581 530 581 532 579 530 581 531 580 530 581 530 581 531 580 531 580 531 580 532 579 531 580 531 580 1668 581 1669 581 532 579 530 581 531 580 531 580 530 581 533 578 531 580 533 578 532 579 530 581 531 580 531 580 531 580 530 581 1670 579 531 580 532 579 530 581 531 580 532 579 533 578 532 579 531 580 531 580 531 581 532 579 531 580 531 555 555 556 556 555 556 555 557 554 555 556 556 555 556 555 556 555 555 556 558 553 1695 554 557 554 557 554 556 555 556 555 556 555 556 555 557 554 556 555 557 554 557 554 556 555 557 580 531 580 532 553 556 581 532 579 532 579 531 580 531 580 1669 580 531 580 531 580 530 581 1669 581 1670 579 1669 580
# 
name: Temp Down
type: raw
frequency: 38000
duty_cycle: 0.330000
data: 9027 4500 556 1696 553 1694 556 556 555 556 555 556 555 555 556 1694 556 1695 554 1695 554 1696 553 1693 556 555 556 1695 554 555 556 555 556 1694 556 557 554 555 556 556 555 556 555 556 555 1694 555 1694 555 1694 555 555 556 556 555 556 555 556 555 555 556 555 556 556 555 556 555 555 556 555 556 555 556 555 556 556 555 1695 554 1694 556 555 556 555 556 556 555 555 556 556 555 556 555 555 556 555 556 555 556 555 556 555 556 555 556 556 555 556 555 1694 556 556 555 556 555 556 555 555 556 555 556 555 556 555 556 556 555 555 556 556 555 555 556 556 555 555 556 555 556 555 556 555 556 556 555 557 554 556 555 555 556 556 555 555 556 556 555 1695 555 555 556 556 555 555 556 555 556 556 555 556 555 555 556 556 555 556 555 556 555 1695 554 555 556 556 555 556 555 556 555 556 555 556 555 556 555 1695 555 1695 554 555 556 1695 555 1694 556 556 555 1695 554 1694 556
# 
name: Mode Select
type: raw
frequency: 38000
duty_cycle: 0.330000
data: 9026 4503 552 1695 554 1696 553 558 553 556 555 556 555 556 555 1695 554 1695 554 1694 555 1695 555 1696 553 556 555 556 555 1696 554 556 555 1695 555 556 555 557 554 556 555 556 555 556 555 1695 554 1697 552 1695 555 556 555 557 554 558 553 555 556 557 554 557 554 557 554 555 556 557 554 558 553 557 554 556 555 557 554 1696 553 557 554 1695 554 557 554 557 554 557 554 556 555 556 555 555 556 557 554 557 554 556 555 556 555 557 554 557 554 557 554 557 554 557 554 1695 554 557 554 558 553 557 554 557 554 556 580 531 555 557 554 557 554 557 554 558 579 530 581 532 579 531 580 530 581 531 580 531 580 531 580 531 580 531 580 531 580 1669 580 1669 581 531 580 531 580 531 580 530 581 530 581 530 581 532 579 531 580 530 581 530 581 531 580 1669 580 1668 556 557 579 533 553 557 579 532 554 555 556 557 554 556 555 557 554 557 554 556 555 1695 555 558 553 1696 553
# 
name: Speed
type: raw
frequency: 38000
duty_cycle: 0.330000
data: 8997 4527 554 1694 555 1694 555 555 556 555 556 555 556 556 555 1694 555 1694 555 1693 556 1694 555 1694 555 556 555 557 554 1694 555 555 556 1694 555 556 555 555 556 555 556 556 555 556 555 1694 555 1694 555 1694 555 555 556 556 555 555 556 555 556 557 554 555 556 556 555 555 556 556 555 555 556 556 555 555 556 555 556 1694 555 1695 554 555 556 555 556 556 555 556 555 556 555 555 556 555 556 555 556 556 555 557 554 555 556 555 556 557 554 555 556 556 555 556 555 1694 555 556 555 556 555 555 556 555 556 555 556 555 556 555 556 556 555 556 555 555 556 556 555 555 556 555 556 556 555 556 555 556 555 556 555 555 556 556 555 555 556 1695 554 1694 555 555 556 555 556 556 555 556 555 555 556 556 555 556 555 556 555 556 555 555 556 555 556 556 555 1695 554 556 555 556 555 556 555 556 555 556 555 556 555 1695 554 1695 554 1694 555 1695 554 556 555 1695 554 556 555
# 
name: Swing_Up Down
type: raw
frequency: 38000
duty_cycle: 0.330000
data: 9026 4498 579 1669 580 1668 581 531 579 531 580 532 579 532 579 1669 580 1669 580 531 580 531 580 531 580 530 581 1669 580 531 580 530 581 1668 581 531 580 532 579 531 580 530 581 531 580 1668 581 1670 579 1668 581 532 579 530 581 530 581 531 580 529 582 532 579 531 580 530 581 531 580 529 582 530 581 531 580 530 581 1669 580 1670 579 531 580 531 580 532 579 530 581 532 579 530 581 530 581 530 581 531 580 531 580 531 580 531 580 531 579 532 579 1669 580 531 580 531 580 530 581 531 580 530 581 530 581 530 581 531 580 530 581 530 581 530 581 531 580 530 581 530 581 530 581 530 581 530 581 531 580 530 581 529 582 531 580 530 581 530 580 1669 580 532 579 531 580 531 580 531 580 530 581 530 581 531 580 530 581 532 579 530 581 531 579 1669 580 531 580 530 581 531 580 530 581 530 581 529 582 1669 580 531 580 1669 580 530 581 1669 580 530 581 1669 580 1669 580
# 
name: Stop_Swing_up
type: raw
frequency: 38000
duty_cycle: 0.330000
data: 9025 4499 554 1696 553 1695 554 557 554 557 554 556 555 557 554 1696 553 1693 556 1694 555 1694 555 1694 555 555 556 1695 554 558 553 557 554 1695 554 556 555 557 554 557 553 557 554 557 554 1695 554 1695 554 1694 555 556 555 558 552 556 555 557 554 557 554 556 555 556 555 557 553 558 553 557 554 558 553 558 553 556 555 1695 554 1696 553 557 554 556 555 556 555 557 554 556 555 556 555 556 555 557 554 557 554 557 554 557 554 555 556 556 555 556 555 1695 554 557 554 557 579 531 554 557 554 557 579 532 553 558 578 530 581 532 579 533 578 531 580 531 580 530 581 531 580 532 579 533 578 532 578 531 580 531 580 531 580 531 580 531 580 531 580 1670 579 530 581 530 581 531 580 531 580 531 580 530 581 531 580 533 577 532 579 530 581 532 579 1670 579 530 581 530 581 531 580 531 580 531 580 531 580 531 580 530 581 1669 580 1670 579 1669 580 531 580 1670 579 1670 579
# 
name: Swing_Left Right
type: raw
frequency: 38000
duty_cycle: 0.330000
data: 9022 4500 554 1695 554 1695 554 555 555 557 554 556 555 556 555 1694 555 1696 553 1694 555 1695 554 1694 555 556 554 1695 554 557 554 556 555 1696 553 556 555 556 555 556 555 555 555 555 556 557 554 557 554 556 554 556 555 557 554 556 555 556 555 555 556 556 555 557 554 556 555 557 554 556 555 556 554 556 555 557 554 1696 553 1694 555 555 556 556 555 556 555 557 553 556 555 556 555 555 556 556 555 557 554 556 555 556 555 556 555 555 556 557 554 1695 554 557 554 556 555 556 555 556 555 556 555 557 554 556 555 557 554 556 555 556 555 556 555 556 555 557 554 556 555 556 555 556 555 557 554 556 555 557 554 556 555 557 554 557 554 557 554 1695 554 557 554 556 555 556 555 557 554 556 555 557 554 557 554 557 554 557 554 557 554 1695 554 1695 554 558 553 557 554 556 555 556 555 557 554 557 579 1670 579 531 580 1670 579 1669 580 1669 580 1669 580 1669 580 1668 581
# 
name: Stop_Swing Left Right
type: raw
frequency: 38000
duty_cycle: 0.330000
data: 9024 4500 555 1694 555 1695 554 557 554 556 555 557 554 556 555 1695 554 1695 554 1695 554 1695 554 1694 555 555 556 1694 555 556 555 555 556 1694 555 556 554 557 554 556 555 556 555 555 556 1694 555 1695 554 1694 555 556 555 555 556 555 556 556 555 556 555 556 555 556 555 556 555 557 554 557 554 555 556 555 556 557 554 1695 554 1694 555 557 554 556 555 556 555 556 555 557 553 556 555 556 555 556 555 555 556 556 555 556 555 558 553 557 554 557 554 1694 555 557 554 556 555 556 555 556 555 557 554 556 555 557 554 557 554 556 555 556 555 556 555 556 555 557 554 557 554 557 553 557 580 531 579 530 581 531 579 532 579 532 579 531 580 530 581 1668 581 530 581 531 580 531 580 530 581 530 581 530 581 531 580 530 581 531 580 531 580 1669 580 1668 581 530 581 530 581 531 580 530 581 530 581 530 581 1668 581 531 580 1669 580 1669 580 1669 580 531 580 1669 580 1669 580
# 
name: Turbo Mode
type: raw
frequency: 38000
duty_cycle: 0.330000
data: 9021 4503 554 1695 554 1696 553 556 555 556 555 557 554 556 555 1694 555 1695 554 1695 554 1695 554 1695 554 557 554 1695 554 556 555 557 554 1694 555 555 556 556 555 556 555 555 556 556 554 1694 555 1694 555 1693 556 556 555 555 555 555 556 556 555 555 556 555 555 555 556 555 556 556 554 557 554 556 555 556 555 556 554 1695 554 556 554 556 554 555 556 556 555 555 555 556 555 556 554 556 555 1695 554 557 554 556 555 556 555 556 554 556 555 555 556 1694 554 557 554 556 555 556 555 555 556 556 554 556 555 556 555 556 555 556 555 556 555 556 555 556 555 556 580 531 579 531 580 531 580 531 580 530 581 530 581 531 580 530 581 530 581 529 581 1669 580 531 579 531 580 530 581 530 581 530 580 530 581 530 580 531 580 530 581 530 580 530 581 530 580 531 580 1669 580 530 581 530 581 530 581 531 580 530 581 1669 580 530 581 530 581 530 581 1668 580 1668 581 1668 581
# 
name: Stop_Turbo Mode
type: raw
frequency: 38000
duty_cycle: 0.330000
data: 9021 4503 553 1694 555 1694 555 556 555 556 555 556 555 556 555 1695 554 1694 555 1694 555 1696 553 1696 553 557 554 1694 555 555 556 556 555 1695 554 556 555 557 554 556 555 556 554 556 555 1695 554 1695 554 1695 554 557 554 556 555 556 555 558 553 557 554 556 555 556 555 556 555 557 554 556 555 556 555 557 554 556 555 1695 554 1695 554 558 553 558 553 557 554 556 555 556 555 556 555 556 555 556 555 557 554 557 554 556 555 556 555 556 555 557 554 1695 554 556 555 556 554 557 554 556 555 557 554 556 555 556 555 557 554 556 554 557 554 557 554 558 553 556 555 556 555 557 554 557 554 557 554 557 553 556 555 556 555 557 554 557 554 556 555 1696 553 557 554 556 555 556 555 556 555 557 553 556 555 557 554 556 555 556 555 556 555 556 554 557 554 556 555 1695 554 556 555 556 555 556 555 557 554 556 555 1695 554 556 554 556 555 556 555 1695 554 1695 554 1694 555
